# diff_cntr, PMF_Jarzynski_equality, PMF_finite_correction, #ensemble
 39.800000     0.119342     0.119342      1
 39.600000     0.165018     0.165018      1
 39.400000     0.169609     0.169609      1
 39.200000     0.167098     0.167098      1
 39.000000     0.318286     0.318286      1
 38.800000     0.313540     0.313540      1
 38.600000     0.280238     0.280238      1
 38.400000     0.269839     0.269839      1
 38.200000     0.373483     0.373483      1
 38.000000     0.293462     0.293462      1
 37.800000     0.265359     0.265359      1
 37.600000     0.282266     0.282266      1
 37.400000     0.329021     0.329021      1
 37.200000     0.314841     0.314841      1
 37.000000     0.341065     0.341065      1
 36.800000     0.247983     0.247983      1
 36.600000     0.251590     0.251590      1
 36.400000     0.290985     0.290985      1
 36.200000     0.239186     0.239186      1
 36.000000     0.358666     0.358666      1
 35.800000     0.211813     0.211813      1
 35.600000     0.117032     0.117032      1
 35.400000     0.205532     0.205532      1
 35.200000     0.181973     0.181973      1
 35.000000     0.352608     0.352608      1
 34.800000     0.401793     0.401793      1
 34.600000     0.373586     0.373586      1
 34.400000     0.367901     0.367901      1
 34.200000     0.418352     0.418352      1
 34.000000     0.400458     0.400458      1
 33.800000     0.512803     0.512803      1
 33.600000     0.468262     0.468262      1
 33.400000     0.537454     0.537454      1
 33.200000     0.545734     0.545734      1
 33.000000     0.395837     0.395837      1
 32.800000     0.468645     0.468645      1
 32.600000     0.483331     0.483331      1
 32.400000     0.532689     0.532689      1
 32.200000     0.527044     0.527044      1
 32.000000     0.549963     0.549963      1
 31.800000     0.576003     0.576003      1
 31.600000     0.598867     0.598867      1
 31.400000     0.692699     0.692699      1
 31.200000     0.591589     0.591589      1
 31.000000     0.679258     0.679258      1
 30.800000     0.605415     0.605415      1
 30.600000     0.608109     0.608109      1
 30.400000     0.627243     0.627243      1
 30.200000     0.600453     0.600453      1
 30.000000     0.438982     0.438982      1
 29.800000     0.347337     0.347337      1
 29.600000     0.331052     0.331052      1
 29.400000     0.302328     0.302328      1
 29.200000     0.299686     0.299686      1
 29.000000     0.299098     0.299098      1
 28.800000     0.238152     0.238152      1
 28.600000     0.253671     0.253671      1
 28.400000     0.307929     0.307929      1
 28.200000     0.357237     0.357237      1
 28.000000     0.339168     0.339168      1
 27.800000     0.359515     0.359515      1
 27.600000     0.300508     0.300508      1
 27.400000     0.436302     0.436302      1
 27.200000     0.413498     0.413498      1
 27.000000     0.405545     0.405545      1
 26.800000     0.418558     0.418558      1
 26.600000     0.445935     0.445935      1
 26.400000     0.239330     0.239330      1
 26.200000     0.213291     0.213291      1
 26.000000     0.184121     0.184121      1
 25.800000     0.038003     0.038003      1
 25.600000    -0.028711    -0.028711      1
 25.400000    -0.134267    -0.134267      1
 25.200000    -0.288168    -0.288168      1
 25.000000    -0.469660    -0.469660      1
 24.800000    -0.772528    -0.772528      1
 24.600000    -0.922895    -0.922895      1
 24.400000    -0.798798    -0.798798      1
 24.200000    -0.970285    -0.970285      1
 24.000000    -1.324901    -1.324901      1
 23.800000    -1.863217    -1.863217      1
 23.600000    -2.490229    -2.490229      1
 23.400000    -2.943838    -2.943838      1
 23.200000    -3.418565    -3.418565      1
 23.000000    -3.686172    -3.686172      1
 22.800000    -4.204810    -4.204810      1
 22.600000    -4.680971    -4.680971      1
 22.400000    -5.254391    -5.254391      1
 22.200000    -5.241872    -5.241872      1
 22.000000    -5.888321    -5.888321      1
 21.800000    -6.439982    -6.439982      1
 21.600000    -6.875841    -6.875841      1
 21.400000    -6.947554    -6.947554      1
 21.200000    -7.392233    -7.392233      1
 21.000000    -7.848752    -7.848752      1
 20.800000    -7.958707    -7.958707      1
 20.600000    -8.318253    -8.318253      1
 20.400000    -8.454012    -8.454012      1
 20.200000    -8.235193    -8.235193      1
 20.000000    -8.430443    -8.430443      1
 19.800000    -8.374351    -8.374351      1
 19.600000    -8.032419    -8.032419      1
 19.400000    -7.755179    -7.755179      1
 19.200000    -7.214438    -7.214438      1
 19.000000    -6.951651    -6.951651      1
 18.800000    -6.820839    -6.820839      1
 18.600000    -6.624517    -6.624517      1
 18.400000    -6.717014    -6.717014      1
 18.200000    -6.447374    -6.447374      1
 18.000000    -6.033148    -6.033148      1
 17.800000    -5.680973    -5.680973      1
 17.600000    -5.279291    -5.279291      1
 17.400000    -5.044442    -5.044442      1
 17.200000    -4.554612    -4.554612      1
 17.000000    -4.492762    -4.492762      1
 16.800000    -4.275926    -4.275926      1
 16.600000    -3.725271    -3.725271      1
 16.400000    -3.317636    -3.317636      1
 16.200000    -2.577761    -2.577761      1
 16.000000    -1.852976    -1.852976      1
 15.800000    -1.032691    -1.032691      1
 15.600000    -0.577230    -0.577230      1
 15.400000    -0.133776    -0.133776      1
 15.200000     0.433899     0.433899      1
 15.000000     1.376942     1.376942      1
 14.800000     2.227736     2.227736      1
 14.600000     2.762158     2.762158      1
 14.400000     3.349534     3.349534      1
 14.200000     4.084747     4.084747      1
 14.000000     4.655992     4.655992      1
 13.800000     5.168413     5.168413      1
 13.600000     5.985035     5.985035      1
 13.400000     6.442614     6.442614      1
 13.200000     6.819775     6.819775      1
 13.000000     6.741489     6.741489      1
 12.800000     6.780290     6.780290      1
 12.600000     6.680183     6.680183      1
 12.400000     7.228101     7.228101      1
 12.200000     7.083063     7.083063      1
 12.000000     7.029842     7.029842      1
 11.800000     7.419363     7.419363      1
 11.600000     7.585828     7.585828      1
 11.400000     6.976276     6.976276      1
 11.200000     6.637888     6.637888      1
 11.000000     7.102773     7.102773      1
 10.800000     7.510326     7.510326      1
 10.600000     7.567407     7.567407      1
 10.400000     7.477080     7.477080      1
 10.200000     7.233987     7.233987      1
 10.000000     6.870754     6.870754      1
 9.800000     6.937316     6.937316      1
 9.600000     6.974383     6.974383      1
 9.400000     6.673833     6.673833      1
 9.200000     6.895806     6.895806      1
 9.000000     6.904306     6.904306      1
 8.800000     7.031767     7.031767      1
 8.600000     7.182945     7.182945      1
 8.400000     7.282986     7.282986      1
 8.200000     7.185815     7.185815      1
 8.000000     7.236346     7.236346      1
 7.800000     7.059041     7.059041      1
 7.600000     7.269661     7.269661      1
 7.400000     7.204541     7.204541      1
 7.200000     6.778190     6.778190      1
 7.000000     6.800802     6.800802      1
 6.800000     6.519518     6.519518      1
 6.600000     6.040576     6.040576      1
 6.400000     5.804010     5.804010      1
 6.200000     5.516944     5.516944      1
 6.000000     5.548677     5.548677      1
 5.800000     5.916016     5.916016      1
 5.600000     5.982848     5.982848      1
 5.400000     6.276302     6.276302      1
 5.200000     6.711537     6.711537      1
 5.000000     6.939740     6.939740      1
 4.800000     7.120053     7.120053      1
 4.600000     6.578836     6.578836      1
 4.400000     6.143185     6.143185      1
 4.200000     6.175929     6.175929      1
 4.000000     6.094562     6.094562      1
 3.800000     6.614205     6.614205      1
 3.600000     6.751100     6.751100      1
 3.400000     6.737188     6.737188      1
 3.200000     6.480821     6.480821      1
 3.000000     6.844280     6.844280      1
 2.800000     6.513139     6.513139      1
 2.600000     6.490084     6.490084      1
 2.400000     6.447013     6.447013      1
 2.200000     6.621801     6.621801      1
 2.000000     7.034413     7.034413      1
 1.800000     6.976117     6.976117      1
 1.600000     7.155260     7.155260      1
 1.400000     7.118931     7.118931      1
 1.200000     7.274355     7.274355      1
 1.000000     7.510966     7.510966      1
 0.800000     7.296766     7.296766      1
 0.600000     7.432953     7.432953      1
 0.400000     7.662215     7.662215      1
 0.200000     7.850460     7.850460      1
 0.000000     7.337345     7.337345      1
