-39.800000 0.157658
-39.600000 0.179713
-39.400000 0.201442
-39.200000 0.222398
-39.000000 0.241871
-38.800000 0.258915
-38.600000 0.272992
-38.400000 0.283965
-38.200000 0.291792
-38.000000 0.296471
-37.800000 0.298416
-37.600000 0.298089
-37.400000 0.295749
-37.200000 0.291572
-37.000000 0.285922
-36.800000 0.279404
-36.600000 0.272906
-36.400000 0.267196
-36.200000 0.262915
-36.000000 0.260771
-35.800000 0.261511
-35.600000 0.266303
-35.400000 0.275982
-35.200000 0.290427
-35.000000 0.308799
-34.800000 0.329643
-34.600000 0.351689
-34.400000 0.374142
-34.200000 0.396410
-34.000000 0.417926
-33.800000 0.438208
-33.600000 0.456811
-33.400000 0.473678
-33.200000 0.489001
-33.000000 0.503398
-32.800000 0.517735
-32.600000 0.532314
-32.400000 0.546966
-32.200000 0.561175
-32.000000 0.574239
-31.800000 0.585224
-31.600000 0.593007
-31.400000 0.596391
-31.200000 0.594328
-31.000000 0.586287
-30.800000 0.571974
-30.600000 0.551633
-30.400000 0.525885
-30.200000 0.495831
-30.000000 0.463330
-29.800000 0.430899
-29.600000 0.400954
-29.400000 0.375342
-29.200000 0.355323
-29.000000 0.341607
-28.800000 0.334447
-28.600000 0.333671
-28.400000 0.338429
-28.200000 0.347274
-28.000000 0.358503
-27.800000 0.370403
-27.600000 0.381152
-27.400000 0.388739
-27.200000 0.390772
-27.000000 0.385036
-26.800000 0.369525
-26.600000 0.342442
-26.400000 0.302413
-26.200000 0.248601
-26.000000 0.179920
-25.800000 0.095020
-25.600000 -0.007552
-25.400000 -0.129573
-25.200000 -0.273019
-25.000000 -0.439936
-24.800000 -0.632497
-24.600000 -0.853243
-24.400000 -1.105592
-24.200000 -1.393112
-24.000000 -1.717263
-23.800000 -2.076319
-23.600000 -2.465613
-23.400000 -2.878850
-23.200000 -3.309671
-23.000000 -3.752240
-22.800000 -4.201300
-22.600000 -4.651393
-22.400000 -5.097030
-22.200000 -5.533095
-22.000000 -5.954961
-21.800000 -6.356571
-21.600000 -6.731234
-21.400000 -7.072807
-21.200000 -7.375865
-21.000000 -7.634526
-20.800000 -7.843118
-20.600000 -7.997285
-20.400000 -8.094002
-20.200000 -8.132588
-20.000000 -8.114850
-19.800000 -8.044041
-19.600000 -7.925674
-19.400000 -7.767588
-19.200000 -7.578615
-19.000000 -7.367177
-18.800000 -7.139184
-18.600000 -6.897418
-18.400000 -6.642048
-18.200000 -6.371461
-18.000000 -6.084182
-17.800000 -5.779171
-17.600000 -5.455090
-17.400000 -5.109770
-17.200000 -4.739891
-17.000000 -4.341299
-16.800000 -3.908971
-16.600000 -3.438929
-16.400000 -2.929741
-16.200000 -2.382504
-16.000000 -1.801030
-15.800000 -1.190755
-15.600000 -0.557445
-15.400000 0.093883
-15.200000 0.758015
-15.000000 1.428061
-14.800000 2.095034
-14.600000 2.749416
-14.400000 3.382349
-14.200000 3.985173
-14.000000 4.549205
-13.800000 5.066390
-13.600000 5.529513
-13.400000 5.932652
-13.200000 6.273129
-13.000000 6.552324
-12.800000 6.775465
-12.600000 6.949523
-12.400000 7.081387
-12.200000 7.176714
-12.000000 7.241456
-11.800000 7.280984
-11.600000 7.299595
-11.400000 7.302426
-11.200000 7.295891
-11.000000 7.284166
-10.800000 7.267244
-10.600000 7.243595
-10.400000 7.213177
-10.200000 7.178350
-10.000000 7.143388
-9.800000 7.112850
-9.600000 7.089679
-9.400000 7.075369
-9.200000 7.070026
-9.000000 7.071230
-8.800000 7.074872
-8.600000 7.075667
-8.400000 7.068015
-8.200000 7.047122
-8.000000 7.009667
-7.800000 6.953657
-7.600000 6.878634
-7.400000 6.785524
-7.200000 6.678041
-7.000000 6.562786
-6.800000 6.447770
-6.600000 6.342504
-6.400000 6.256797
-6.200000 6.198337
-6.000000 6.171088
-5.800000 6.173947
-5.600000 6.201238
-5.400000 6.244787
-5.200000 6.294955
-5.000000 6.342535
-4.800000 6.381381
-4.600000 6.410071
-4.400000 6.432145
-4.200000 6.452640
-4.000000 6.474912
-3.800000 6.499946
-3.600000 6.526483
-3.400000 6.553665
-3.200000 6.582230
-3.000000 6.614058
-2.800000 6.651040
-2.600000 6.695977
-2.400000 6.750966
-2.200000 6.816416
-2.000000 6.890582
-1.800000 6.970467
-1.600000 7.053590
-1.400000 7.137827
-1.200000 7.221579
-1.000000 7.303349
-0.800000 7.382179
-0.600000 7.458169
-0.400000 7.531210
-0.200000 7.601119
0.000000 7.668710
