CV/0.cv 40.00000 1.000000 3
CV/1.cv 37.50000 1.000000 3
CV/2.cv 34.90000 1.000000 3
CV/3.cv 32.40000 1.000000 3
CV/4.cv 29.90000 1.000000 3
CV/5.cv 27.40000 1.000000 6
CV/6.cv 25.20000 2.000000 3
CV/7.cv 23.50000 3.000000 2
CV/8.cv 22.00000 2.000000 4
CV/9.cv 19.20000 1.000000 9
CV/10.cv 17.50000 3.000000 4
CV/11.cv 16.20000 4.000000 4
CV/12.cv 15.00000 5.000000 5
CV/13.cv 13.70000 4.000000 14
CV/14.cv 12.00000 2.000000 20
CV/15.cv 9.80000 1.000000 28
CV/16.cv 7.30000 1.000000 26
CV/17.cv 4.60000 1.000000 29
CV/18.cv 1.90000 1.000000 27
CV/19.cv 0.10000 1.000000 27
