in kcal/mol
[ 0.00000000e+00  1.09751434e-03  6.35564054e-03  6.92782027e-03
  8.35181644e-03 -1.72010038e-02 -1.51754302e-02 -4.23733270e-03
  1.93647228e-02  5.97179732e-03  8.39698853e-03  1.87373327e-02
  2.58544455e-02  7.41395793e-04 -2.01547084e-01 -7.22393642e-01
 -1.42337285e+00 -2.06653083e+00 -2.54551123e+00 -2.83114269e+00
 -2.89546128e+00 -2.74469790e+00 -2.41331716e+00 -1.92659011e+00
 -1.42337691e+00 -9.57521750e-01 -6.66457218e-01 -5.17684751e-01
 -4.37585803e-01 -4.16074092e-01 -4.01954828e-01 -3.96658939e-01
 -3.91187141e-01 -3.97379063e-01 -4.05047323e-01 -3.97565727e-01
 -4.12956262e-01 -4.11157744e-01 -4.09012189e-01 -3.92294455e-01
 -3.82771989e-01]
